228.83 219.99 49.135
252.42 190.28 57.406
203.85 235.18 79.136
223.6 230.75 10.017
175.45 260.8 68.619
173.25 269.22 31.312
142.57 273.58 90.211
195.22 255.63 4.1012
179.99 265.18 -28.94
200.78 222.1 116.69
224.66 192.2 126.05
168.67 234.95 140.15
250.46 176.94 95.927
268.61 143.85 102.08
139.04 261 126.55
102.5 268.73 143.61
161.66 216.7 174.07
185.63 185.61 185.59
125.91 224.94 192.09
96.082 250.63 176.94
57.089 252.67 190.58
216.9 174.19 161.4
234.94 140.56 168.65
144.77 287.06 15.233
112.69 299.17 32.594
148.88 284.33 -21.736
21.702 148.67 -284.65
48.187 122.45 -293.45
29.217 179.78 -265.44
-15.28 144.84 -286.78
-31.342 173.34 -269.32
-68.836 175.21 -260.54
-3.6896 195.32 -255.93
-173.66 269.29 -31.273
-175.33 260.6 -68.622
-144.45 287.14 -15.568
-195.33 256.15 -3.6447
-148.81 284.49 22.207
-122.5 293.29 48.413
-179.78 265.67 28.69
15.256 144.77 287
32.527 112.88 299.09
-21.445 148.61 284.77
31.232 173.58 269.43
3.822 195.15 255.9
9.7903 223.34 230.68
-28.946 179.61 265.78
284.59 -21.675 148.79
293.28 -48.481 122.47
265.47 -28.395 179.54
287.33 15.506 144.64
255.75 3.9 195.05
230.72 9.9017 223.43
269.39 31.189 173.51
-287 -15.615 144.85
-299.17 -32.508 112.53
-284.61 21.743 148.65
-269.58 -31.376 173.5
-255.84 -4.0237 194.84
-230.96 -9.6717 223.54
-265.28 28.876 179.83
-3.9909 -195.33 255.62
-10.137 -223.67 230.83
-31.354 -173.74 269.17
29.109 -179.87 265.2
21.589 -148.66 284.48
48.5 -122.67 293.09
-15.547 -145.04 287.1
-265.34 -28.447 -179.86
-251.2 -61.896 -190.77
-255.73 3.8038 -195.35
-284.59 -21.725 -148.62
-269.43 31.17 -173.46
-260.59 68.274 -175.03
-287.1 15.16 -144.86
-144.4 -287.16 15.607
-112.91 -299.21 32.369
-148.94 -284.88 -21.761
-173.26 -269.46 30.953
-179.78 -265.28 -28.818
-191.04 -250.88 -61.938
-195.11 -256.08 3.7978
255.85 -3.5692 -195.15
230.92 -10.057 -223.63
269.28 -31.097 -173.33
265.49 28.843 -179.62
285.04 21.68 -148.32
293.3 48.47 -122.85
287.1 -15.602 -144.82
149.04 -284.72 21.694
122.79 -292.97 48.821
179.6 -265.45 28.728
144.92 -287.11 -15.53
173.76 -268.96 -31.257
175.21 -260.76 -68.454
195.44 -255.96 -3.9259
-28.994 -180.05 -265.47
-62.209 -191.24 -250.7
3.8912 -195.35 -255.74
-21.456 -148.35 -285.1
15.51 -144.87 -287.31
32.269 -112.63 -299.59
31.142 -173.72 -269.03
34.708 88.068 -307.13
62.714 59.195 -309.43
-6.6422 82.853 -310.53
-32.344 113 -299.22
-71.598 110.76 -293.05
49.203 22.761 -316.52
7.342 17.807 -320.71
76.272 -6.5729 -312.46
-21.2 47.791 -316.89
-62.243 43.857 -312.18
101.84 67.672 -297.4
126.96 38.436 -292.74
113.57 104.58 -281.89
161.3 46.875 -273.86
183.47 15.215 -263.33
172.4 84.369 -257.75
148.03 113.59 -261.67
155.21 148.94 -238.87
114.92 0.099595 -300.31
138.22 -31.617 -288.38
-203.93 235.18 -79.294
-200.59 222.27 -117.23
-228.7 220.16 -49.153
-223.78 231.04 -10.061
-238.57 213.93 22.791
-224.77 191.94 -126.52
-250.32 177.03 -96.156
-216.72 174.04 -161.88
-252.63 190.62 -57.111
-270.48 172.1 -24.187
-168.41 234.77 -140.36
-161.6 216.61 -174.15
-138.93 260.58 -126.91
-102.19 268.8 -143.46
-96.341 250.47 -177.09
-69.504 287.66 -124.91
-125.99 224.73 -192.11
-117.01 200.64 -222.24
-142.87 273.39 -90.518
-110.55 293.27 -71.28
-185.65 185.82 -185.44
-174.06 161.64 -216.66
6.9195 82.626 310.49
21.038 47.443 317.08
-35.077 87.453 307.16
-49.271 22.56 316.6
-63.462 59.516 309.45
-7.1501 17.652 320.6
-76.47 -6.7771 312.11
-101.61 67.726 297.36
-126.97 38.206 292.93
-113.77 104.89 281.98
-148.27 113.83 261.46
-172.72 84.488 257.7
-154.8 148.82 238.92
-161.82 46.636 273.95
-183.14 14.893 263.59
-86.208 131.82 279.98
-93.37 166.59 258.16
-48.533 122.32 293.54
-114.69 0.17752 300.15
-138.35 -31.188 288.43
239.05 213.51 -22.99
263.7 183.22 -15.025
222.3 224.17 -60.044
191.25 250.79 -62.254
166.98 258.41 -93.288
273.64 161.76 -46.819
257.94 172.36 -84.038
292.85 127 -38.306
231.28 203.5 -91.386
207.99 210.54 -125.13
270.3 172.01 24.193
288.55 137.96 31.369
288.28 124.88 69.871
300.08 87.3 74.579
300.16 114.57 0.10196
312.31 76.459 6.8903
-112.74 299.31 -32.308
-82.645 310.43 -6.2476
-74.326 300.55 -87.355
-43.092 312.15 -62.486
-47.747 316.89 -21.392
-17.778 320.98 6.9095
-7.1759 312.43 -76.082
-0.09259 300.53 -114.59
23.099 316.68 -48.97
17.8 321.01 -7.1814
47.537 317.29 21.167
-31.302 288.86 -137.81
-24.385 270.21 -171.99
-62.355 191.24 250.71
-59.831 222.62 224.21
-126.22 176.2 237.23
-125.32 208.02 210.52
-91.177 231.32 203.66
-84.279 257.56 172.61
-154.62 212.5 185.12
-185.3 185.61 185.41
-148.8 239.04 154.98
-113.97 261.17 148.28
-104.53 282.05 113.48
-185.14 154.89 212.49
-210.72 125.11 208.02
280.17 -86.53 131.56
281.82 -113.71 105.05
258.05 -93.48 166.94
251.23 -62.257 191.07
223.98 -60.139 222.31
237.5 -126.2 176.38
238.95 -155.01 149.04
210.81 -125.2 208.21
261.43 -148.55 113.59
257.8 -172.61 84.218
203.8 -91.585 231.39
172.73 -84.408 257.85
185.24 -154.86 212.26
185.8 -185.78 185.62
154.91 -149.07 239
148.08 -113.69 261.55
113.51 -104.29 281.91
212.46 -185.02 154.95
207.85 -210.67 125.31
-293.05 -71.793 110.94
-300.25 -87.271 74.408
-273.58 -90.395 142.77
-260.81 -68.55 175.08
-235.3 -78.911 204
-287.75 -124.55 69.885
-268.61 -143.75 102.25
-288.64 -138.28 31.417
-260.38 -126.78 139.01
-234.87 -139.96 168.75
-312.27 -62.751 43.427
-312.28 -76.425 6.8574
-317 -21.16 47.933
-320.79 7.2042 17.79
-320.88 -6.9971 -18.04
-316.85 49.203 22.764
-316.69 -49.296 -22.919
-309.37 -62.985 -59.675
-310.27 -6.5542 83.066
-307.14 34.831 88.117
-300.26 -114.49 -0.22635
-292.81 -126.98 -38.171
122.59 293.18 -48.755
87.99 307.16 -34.882
131.84 280.05 -86.281
176.01 237.08 -126.35
148.8 239.27 -155.35
104.8 281.88 -113.39
67.6 297.13 -101.9
113.83 261.92 -148.23
212.33 185.14 -154.64
185.39 185.44 -185.32
238.85 155.21 -149.09
261.21 148.4 -113.77
281.6 113.36 -104.79
-22.858 238.63 213.6
-15.08 263.46 183.42
-47.053 273.19 161.78
-38.069 292.55 126.86
24.186 270.44 172.22
31.511 288.26 137.97
69.435 288.14 124.74
74.267 300.25 87.191
49.278 229.03 220.1
79.059 203.97 235.15
0.30951 300.3 114.61
6.6253 312.23 76.06
-49.188 -228.94 220.07
-57.235 -252.58 190.34
-79.257 -203.88 235.43
-68.592 -174.95 261.05
-90.027 -142.55 273.76
-116.82 -200.86 222.32
-126.21 -224.54 192.18
-140.28 -168.69 234.54
-96.19 -250.41 176.91
-102.3 -268.7 143.64
-126.39 -139.06 260.66
-143.92 -102.2 268.44
-174.21 -161.73 216.57
-185.41 -185.5 185.62
-192.44 -126.21 224.74
-177.07 -96.254 250.57
-190.57 -56.727 252.48
-161.55 -216.65 174.24
-168.71 -234.53 140.32
310.43 6.5017 82.769
317.22 20.724 47.522
307.01 -34.82 88.102
299.13 32.3 112.59
309.44 -63.266 59.287
316.79 -48.624 22.681
297.22 -101.67 67.848
320.5 -7.0933 17.999
320.87 6.9846 -17.879
292.82 -127.01 38.034
299.99 -114.77 0.1824
273.89 -161.5 46.392
312.06 -76.485 -7.113
312.03 -62.333 -43.52
68.63 175.01 260.93
90.438 142.79 273.47
117.08 200.56 222.41
139.99 168.81 235.34
126.71 138.92 260.62
143.5 102.24 268.53
174.27 161.72 216.55
191.7 126.06 224.75
176.8 95.66 250.57
190 57.128 252.41
-71.999 -110.66 293.04
-87.374 -75.044 300.09
-32.221 -112.72 299.42
-124.93 -69.606 287.86
-62.083 -43.473 312.2
-20.993 -47.601 317.2
7.337 -17.835 320.85
49.339 -22.756 316.74
-6.8026 -82.628 310.24
35.186 -87.84 306.94
71.945 110.47 292.85
87.214 74.644 300.12
124.66 69.486 288.06
137.94 30.972 288.64
62.459 43.913 312.1
76.018 6.5917 312.23
114.69 0.034165 300.31
127.39 -37.971 292.78
-87.822 307.05 34.918
-59.043 309.37 62.827
-22.933 316.64 49.164
-67.819 297.18 101.94
-132.24 280.29 86.324
-166.81 258.33 93.331
-223.93 -59.833 -222.28
-203.73 -91.233 -231.07
-214 -22.949 -238.54
-230.84 10.021 -223.43
-219.96 49.222 -229.1
-183.39 -15.055 -263.49
-161.87 -46.7 -273.85
-172.05 24.208 -270.27
-172.25 -84.547 -257.83
-148.57 -114.14 -261.2
-190.54 57.092 -252.33
-177.17 96.024 -250.47
-138.13 31.372 -288.24
-114.52 -0.012495 -300.06
-124.63 69.819 -287.78
-143.94 102.21 -268.5
-126.61 138.99 -260.75
-127.14 -38.32 -292.65
-101.79 -67.575 -297.24
-220.25 -49.372 228.87
-222.17 -117.11 200.94
-216.44 -173.83 161.77
-224.94 -191.46 126.01
-250.77 -176.96 96.103
-252.26 -190.61 57.249
-191.03 251.01 62.382
-222.47 223.94 60.066
-176.28 237.43 126.36
-207.89 210.75 125.23
-231.43 203.46 91.273
-257.72 172.73 84.399
-212.55 185.13 154.71
-238.73 155.14 148.79
-235 79.273 -204.07
-222.24 116.78 -200.66
-192.04 126.07 -224.49
-235.04 140.69 -168.66
-260.7 126.26 -139.07
-268.45 143.77 -102.21
-287.77 124.7 -69.628
-273.45 90.509 -142.79
-293.04 71.865 -110.7
-82.89 -310.62 6.8912
-47.633 -317.07 21.095
-87.824 -307.13 -34.843
-122.69 -293.34 -48.406
-131.89 -280.12 -86.536
-59.611 -309.65 -62.751
-22.515 -316.92 -49.003
-67.836 -297.2 -101.62
-17.625 -320.85 -7.2134
17.792 -320.72 6.987
-105.02 -282.16 -113.35
-113.85 -261.29 -148.5
-38.301 -292.78 -127.02
-0.263 -300.2 -114.59
-46.886 -273.54 -161.97
-84.588 -257.49 -172.53
-91.231 -231.48 -203.2
6.9062 -312.43 -76.368
43.753 -312.3 -62.448
213.85 -22.632 238.82
183.1 -15.231 263.73
161.6 -46.873 273.95
172.19 24.19 270.21
220.33 49.056 228.87
235.2 79.295 204.06
220.02 -49.192 -229
190.14 -57.257 -252.5
235.45 -79.085 -203.81
192.2 -126.25 -224.72
222.43 -116.99 -200.41
176.79 -96.157 -250.51
174.1 -161.65 -216.75
234.75 -140.49 -168.96
216.65 -174.16 -161.59
260.83 -126.7 -139.02
268.7 -143.92 -101.99
250.49 -176.78 -95.937
287.66 -124.86 -69.72
224.95 -192.02 -126.22
200.44 -221.99 -116.8
273.58 -90.245 -142.55
293.24 -71.49 -110.32
260.59 -68.273 -175.4
185.73 -185.6 -185.79
161.79 -216.58 -174.29
82.717 310.42 6.607
59.546 309.64 -62.76
38.063 292.95 -126.91
46.982 273.55 -161.42
84.184 257.75 -173.1
90.919 231.6 -203.59
260.86 68.218 175.19
273.14 90.488 142.99
222.36 116.82 200.74
260.62 126.65 139.16
299.32 -32.39 -112.66
310.25 -6.2925 -82.813
300.01 -87.342 -74.764
316.98 -21.111 -47.699
288.55 -138.35 -31.446
270.26 -171.78 -24.403
-90.47 142.44 -273.42
-87.269 74.541 -300.24
-76.17 7.34 -312.27
-48.951 -22.707 -316.52
-7.0955 -17.502 -320.78
20.898 -47.404 -317.13
87.847 -307.44 34.86
59.613 -309.21 62.797
82.724 -310.45 -6.5722
112.83 -299.45 -32.656
110.45 -292.95 -71.823
22.762 -316.96 49.028
-6.9267 -312.04 76.036
47.782 -317.32 -21.273
67.973 -297.3 101.53
38.13 -292.75 127.36
104.73 -282.16 113.35
46.865 -273.95 161.95
15.338 -263.62 183.44
84.292 -257.64 172.66
113.79 -261.38 147.96
149.21 -238.83 155.09
131.87 -279.83 86.351
167.29 -258.54 93.355
0.07576 -300.13 114.59
-31.388 -289.06 137.84
-293.23 48.653 122.52
-279.89 86.347 131.84
-309.53 63.036 59.017
-297.22 101.92 67.491
-282 113.73 104.86
-261.22 148.52 114.05
-292.8 127.04 38.036
-300.47 114.83 -0.05928
-273.66 161.35 46.839
-312.4 76.238 -6.9388
-312.34 62.596 -43.71
22.507 -238.54 213.92
60.095 -222.17 224.16
62.26 -191.25 250.78
93.112 -166.72 258.29
91.326 -231.29 203.6
125.14 -208.06 210.35
-24.302 -270.73 172.24
-69.423 -287.9 124.91
-74.783 -300.25 87.242
-251.05 62.439 191.1
-258.13 93.456 167.2
-224.25 59.429 222
-237.31 126.36 176.38
-203.57 91.471 231.42
-167.02 -258.06 -93.744
-176.12 -237.18 -125.98
-148.81 -238.75 -155.57
-154.77 -212.39 -185.07
-208.2 -210.36 -125.13
-212.19 -185.04 -154.7
-231.39 -203.51 -91.149
-257.58 -172.7 -84.13
-260.99 -148.42 -113.67
-273.58 -161.96 -46.801
-238.86 -155.3 -148.86
-237.58 -126.33 -176.23
-185.63 -185.47 -185.62
-185.29 -154.79 -212.24
86.307 -132.04 280.18
126.23 -176.33 237.46
154.79 -212.28 185.09
-213.68 22.452 238.76
-172.09 -24.58 270.34
142.62 -273.42 -90.521
138.98 -260.87 -126.48
74.386 -300.02 -87.47
69.58 -287.77 -124.85
102.38 -268.6 -143.86
96.209 -250.59 -176.79
31.336 -288.85 -138.43
24.405 -270.4 -171.95
293.07 71.951 110.81
312.35 61.693 43.47
316.78 49.178 -22.61
309.51 62.985 -59.456
101.81 -67.934 296.95
62.977 -59.255 309.63
213.89 22.953 -238.86
224.33 59.917 -222.27
251.1 62.465 -191.21
258.12 93.457 -167.02
203.8 91.272 -231.13
210.54 125.35 -208.09
172.09 -24.605 -270.22
124.91 -69.75 -287.81
87.182 -74.436 -300.39
143.88 -102.46 -268.38
-239.03 -213.53 -22.726
-263.57 -183.39 -14.906
-223.42 -230.58 9.6099
-222.71 -224.07 -59.969
-270.63 -172.06 24.428
-228.72 -220.22 49.364
-203.7 -235.45 79.289
191.26 -250.94 62.232
222.29 -224.22 59.819
176.1 -237.56 126.21
231.3 -203.71 91.29
-93.228 -166.76 -258.15
-126.57 -176.31 -237.35
-86.376 -131.94 -280.11
-48.33 -122.82 -292.9
-34.637 -87.95 -307.06
-155.35 -148.56 -238.96
-113.53 -104.7 -281.96
-125.31 -208.26 -210.59
-59.941 -222.22 -224.04
-22.841 -238.88 -213.58
93.277 167.13 -258.15
126.2 176.32 -237.15
62.387 191.26 -250.72
85.935 131.94 -280.2
125.14 207.95 -210.88
154.71 212.15 -185.07
59.593 222.54 -223.97
22.905 239.03 -213.75
185.25 154.93 -212.25
-258.41 -93.107 -167.12
-280.07 -86.12 -131.42
-292.91 -48.645 -122.34
-307.1 -35.287 -87.588
-281.84 -113.64 -104.55
-297.26 -101.69 -67.717
-210.83 -125.31 -207.83
-263.73 183.27 15.147
-288.43 138.14 -31.184
-10.1 223.38 -230.82
-48.857 228.96 -220.12
15.215 263.65 -183.38
-56.826 252.47 -190.81
79.269 -203.85 -235.38
116.87 -200.73 -222.01
68.685 -175.12 -260.5
49.217 -228.96 -220.06
9.7337 -223.27 -230.68
126.3 -224.38 -191.84
57.16 -252.43 -190.64
140.24 -168.84 -234.64
126.82 -138.79 -260.78
-299.43 32.635 -112.93
-310.24 6.4288 -82.983
-317.22 21.233 -47.833
-79.213 203.93 -235.4
-140.38 168.7 -234.8
307.06 35.078 -87.843
297.05 101.57 -67.636
279.99 86.391 -131.8
-15.209 -263.76 -183.18
237.42 126.21 -176.08
-300.37 87.378 -74.426
71.938 -110.55 -292.82
90.297 -142.76 -273.23
62.417 -43.572 -312.19
6.667 -82.799 -310.47
203.72 -235.68 -79.087
229.07 -220.32 -49.371
223.45 -231.16 -9.6463
238.84 -213.69 23.224
252.78 -190.24 -57.201
168.91 -235.01 -139.99
-174.96 -261.04 68.491
-142.86 -273.32 90.309
-200.71 -222.02 117.28
-138.83 -261.07 126.81
-110.87 -292.8 71.729
-43.296 -312.55 61.872
110.82 293.07 71.802
43.482 312.19 62.357
-63.241 -59.175 -309.97
263.39 -183.27 14.972
